-0.88
0.44
-0.29
-0.97
-0.33
0.28
0.74
0.09
-0.45
0.1
0.11
-0.39
-0.37
0.09
0.36
-0.5
0.93
-0.42
-0.42
0.55
-0.29
0.37
0.6
-0.57
0.57
-0.09
0.13
0.5
-0.24
0.49
-0.61
-0.44
0.11
0.96
-0.98
0.37
-0.87
0.42
-0.14
-0.41
0.85
-0.49
-0.59
0.38
-0.08
0.37
-0.84
-0.88
0.93
0.88
-0.21
0.69
0.84
0.03
0.94
0.65
0.37
-0.6
0.38
-0.6
0.67
0.54
-0.81
0.36
-0.78
0.35
0.16
-0.47
-0.85
0.81
0.31
-0.52
-1.84012
-2.55636
-4.05531
-0.496239
-0.386239
-0.26
-0.71
-0.58
-0.52
0.26
0.72
0.49
-0.5
-0.42
-0.48
-0.53
-0.14
0.43
-0.46
-0.99
-0.11
0.45
-2.5608
-8.11721
-9.97888
-6.728
-6.99652
-7.45752
-3.7152
-5.94172
-6.52822
-8.49456
-7.16172
-2.96564
0.43
-0.98
-0.65
-0.58
0.17
-0.82
-0.11
0.71
0.38
0.32
-0.45
0.4
-0.19
-0.89
-1.13117
-4.92728
-5.8602
-3.49911
-3.94837
-5.62651
-3.44841
-1.94938
0.267741
2.48419
2.09728
-7.91715
-6.74229
-3.57157
-2.81741
-1.12647
0.63
0.65
-0.05
0.86
-0.14
0.04
-0.48
0.27
-2.27704
-2.6138
-4.24169
-7.32652
-7.52652
-12.1643
-13.699
-11.4001
-7.00537
3.21627
-1.02448
8.63133
-0.72724
9.55798
8.08626
-2.54429
0.581352
-3.05344
-0.41687
-0.642597
-2.79874
-0.276284
0.6
-0.82
0.86
-0.31
0.48
-0.41
-1.75704
-4.17169
-6.49212
-7.93652
-8.46071
-4.78166
-7.28334
-5.90474
5.39114
-9.24739
4.10236
9.00938
3.26353
2.29565
0.650859
7.95859
1.20237
1.87324
-1.57923
-1.17002
-7.58496
-4.21665
-0.38
-0.57
-0.45
0.63
-0.61
-0.1
0.3
-2.74788
-3.83832
-2.58889
-8.22989
0.513253
-2.01555
3.55682
-5.08492
1.55275
6.06279
17.8237
3.27262
8.32653
-5.56577
2.64855
-7.03616
-11.0251
-7.27368
-2.05452
-4.03088
-5.23833
0.92
-0.26
-0.8
-0.66
0.05
-0.32
-1.82412
-2.70649
-2.55404
-1.87814
-1.29036
-4.01855
-0.715937
-0.740009
-12.1827
-13.9477
-2.84208
3.41421
3.5487
11.7007
2.04651
1.0499
0.0426288
0.840522
2.43761
-1.15186
-3.14404
-2.86073
0.55
0.14
-0.64
0.25
-0.23
-0.99
0.343761
-5.17191
-4.80186
-2.69231
-3.19379
-0.265073
-0.17721
1.37503
0.10852
5.57863
3.40942
2.04482
-0.770437
0.650723
1.93172
3.0831
-8.11574
-4.62498
5.21781
3.10935
4.62678
-0.57
-0.85
0.59
-0.73
-0.2
-0.95
-0.11
-1.81542
-2.79074
-2.71153
3.36019
-4.86562
-5.45786
2.24155
-8.4777
0.0737983
-0.487335
-3.02108
-2.26184
-2.65802
1.25028
2.60973
5.27268
1.73466
0.409247
0.948595
3.57595
-1.97001
-1.14857
0.42
0.31
0.56
0.27
-0.21
-0.350898
-3.25849
-2.11074
0.815899
4.38224
-5.35488
-5.14407
4.43856
0.73797
2.44306
-4.95537
-2.59101
-13.9551
-4.17209
-2.33435
-0.40749
0.155877
1.52196
0.011555
11.9504
6.83584
-0.181443
-0.27
0.25
-0.39
0.19
0.76
-0.21
-0.110898
-3.68539
-0.294421
2.11172
2.86479
2.44552
1.75099
10.3593
-1.83927
2.00872
-0.161011
-5.37747
-11.7615
-10.6083
1.59561
0.591124
-1.35996
1.08827
0.483969
6.63905
8.04625
1.1114
0.59
0.03
0.31
-0.26
0.58
0.15
-0.69
-2.39539
-0.60296
10.2574
-0.996884
6.85463
-1.502
-0.098883
2.16597
-3.60239
-2.00684
-19.9565
-15.6772
-18.1852
-1.92759
-7.90013
-5.85084
9.66459
1.31223
8.71155
3.60211
4.23445
-0.31
-0.2
-0.54
-0.05
-0.79
0.01
0.08
-2.17691
6.76039
5.4609
5.61949
-1.7715
-6.66944
7.89498
1.25955
-6.00076
-4.07404
-12.1694
-12.5235
-10.7258
0.408173
-7.35079
2.0503
-3.72221
0.59727
3.19504
-1.95752
4.52095
0.48
0.13
0.42
-0.51
0.85
0.03
-0.26
-0.555308
1.64614
6.63705
3.08773
6.57285
0.946873
6.29469
-5.32322
3.37935
-12.4778
-22.6449
-7.43089
-2.44295
0.175972
-5.63683
-8.18093
6.26191
4.37699
4.36674
2.19772
0.238888
-1.50244
0.03
-0.01
-0.03
0.21
-0.4
-0.73
-5.56738
-2.44045
5.4616
16.6981
9.72065
-0.745725
6.42121
2.58367
-3.10678
-25.148
-25.233
-1.72354
-6.26302
1.65483
-2.6069
-9.21208
-8.33781
4.34549
-3.47939
1.40045
-2.26473
-1.05021
0.8
-0.39
-0.37
0.98
-0.2
-0.74
-4.83918
1.66691
-3.2867
3.8165
5.92102
-0.408666
6.72364
8.72988
-2.11669
-25.3525
-6.00122
-7.66549
0.21761
-3.24137
-6.13621
0.456364
-1.26755
1.41916
0.131599
1.60295
-2.48049
-2.55021
-0.98
-0.02
0.29
0.95
0.63
-0.77
-3.32672
3.07141
-0.147024
8.67061
3.64955
-3.09742
9.70282
10.0534
-4.73395
-27.3026
-2.50072
1.06395
-3.13326
-3.59691
5.06644
-3.30928
-10.4109
0.268418
-2.65816
-3.53479
0.0712821
0.83
-0.16
-0.64
0.85
0.66
-0.37
-2.30717
-5.17696
8.90275
4.13428
2.525
4.30068
8.51693
11.6148
14.6217
0.107018
-20.5278
-6.7234
-10.3442
-4.68358
-11.944
2.47895
-2.01511
-6.83528
-4.16377
-5.19335
-0.615874
-3.15043
0.55
-0.19
-0.83
0.43
-0.09
-0.79
-6.26766
-2.79982
-5.71355
-3.20683
-1.05763
-3.86578
1.40357
10.4142
8.21288
2.57107
8.73251
-15.8771
-6.96891
-2.93009
1.37774
-15.9239
-12.285
-2.3519
-6.03171
-5.23938
1.48555
-2.31043
-0.35
-0.84
-0.6
0.98
0.11
0.51
-3.38809
-3.24124
-1.23353
1.78978
7.01153
1.78717
3.10491
3.19559
7.76238
0.423787
-1.30307
2.09818
2.22893
-5.60636
-10.6665
-3.23545
-9.65229
1.34605
-0.275315
-4.31983
-2.03301
-0.406768
-0.38
0.62
0.89
0.89
-0.86
0.38
-3.26809
0.096765
1.60291
5.80666
-2.24792
-3.93759
5.24527
13.0635
3.44957
-1.60745
10.4029
4.82972
0.358254
-11.9832
0.496701
-0.225545
-1.46761
1.61921
1.90349
-2.46905
-1.68301
-1.75677
-0.25
0.88
-0.73
-0.39
-0.61
-0.8
0.97
-0.3016
3.59077
6.50206
5.70936
-7.81518
2.27675
10.1081
3.29002
2.67953
-0.492157
14.8788
-3.05775
-4.45877
2.81658
2.93402
-5.66453
-3.63973
-2.72492
-3.11492
-3.96116
-0.59
-0.92
0.26
0.61
0.4
-0.15
-0.99
0.77
0.05
1.41013
1.33013
4.83495
2.58095
-2.33385
-4.23242
-1.31574
4.75508
-5.37834
-7.74361
-1.78953
-4.86566
-4.71516
-0.658758
-1.26895
0.35
0.24
0.05
0.41
0.45
0.64
0.72
0.32
-0.04
0.76
0.89
-0.92
-0.43
0.08
0.49
-1.99983
-2.30154
-2.67983
-6.86076
-5.19451
-6.36291
-3.36642
-5.95373
-2.49167
-0.730898
0.82
-1.01895
0.10105
0.44
0.5
-0.84
-0.65
0.47
-0.44
0.01
0.19
-0.94
-0.29
-0.28
0.69
0.03
-0.74
-0.613264
-1.58766
-1.32983
-1.35543
-2.72401
-2.69102
-0.349184
-3.98996
0.84
0.85
0.67
-0.67
0.16
-0.62
0.22
-0.83
-0.25
-0.39
0.38
-0.61
0.4
-0.35
-0.72
-0.33
0.54
0.22
0.34
-0.35
0.58
-0.7144
-1.3944
0.32
0.76
-0.209184
-1.33918
0.85
-0.05
0.17
0.86
0.93
0.15
-0.77
0.21
0.65
0.99
-0.45
0.89
-0.83
0.7
0.62
-999
-0.13
0.67
0.76
-0.88
-0.91
-0.76
-0.1
-0.62
0.75
0.13
-0.66
-0.57
0.17
0.5
-0.27
-0.49
0.82
0.64
0.79
0.16
0.58
-0.25
-0.38
-0.1
-0.15
-0.51
-0.66
0.45
-0.99
-0.56
0.5
0.83
0.64
0.76
-0.02
0.22
-0.49
0.43
0.66
-0.39
0.7
-0.39
0.96
0.14
-0.18
0.48
-0.53
0.78
0.38
-0.91
-0.54
-0.65
0.04
-0.05
0.97
-0.6
-0.38
-0.65
0.97
-0.96
-0.04
0.72
0.59
-0.44
0.42
-0.46
-0.61
0.53
-2.50244
-1.14244
-1.63244
-0.62
0.138289
0.67
0.72
0.54
-0.49
-0.95
-0.08
-0.84
-0.3
-0.88
0.78
0.88
0.79
-0.1
0.86
0.72
0.2
0.53
0.65
-0.59
-1.79874
-1.71874
-0.908744
-4.02598
-4.58303
-3.1195
-0.726927
-1.97951
5.07536
-5.77421
-2.83147
-0.312178
0.171001
0.01
0.16
-0.39
-0.07
0.46
-0.71
0.3
0.74
0.48
-0.76
0.36
0.38
0.69
-0.41
-0.66
6.3152
6.5404
1.23096
-0.2523
-1.88877
-3.50788
-8.24876
7.67646
4.03101
2.17658
1.26033
3.5526
-1.53298
0.233106
2.04101
0.16
-0.16
-0.21
0.49
-0.52
-0.92
-0.87
0.74
-0.31
0.79
-0.3
0.24
6.23394
-3.30327
-1.82707
-8.59339
-17.4002
3.39802
-4.27148
-2.40382
-1.98298
-4.47338
2.59154
-3.60256
4.50923
0.00403644
-6.66596
4.17552
3.57242
-0.386471
-0.146471
-0.81
-0.98
-0.86
0.3
-0.18
0.04
0.21
0.21
5.91852
0.263815
-10.5136
-4.0172
-8.18317
-8.31551
-4.0337
-3.22658
-13.011
-2.4053
6.35375
-2.99608
-1.80085
2.83486
-0.883859
-4.40406
-1.67437
0.262695
-2.96429
-2.86782
-0.16
-0.31
0.69
-0.28
0.94
-0.95
0.03
-0.72
-3.5075
-1.62149
-4.58554
-2.57682
0.351447
-3.99374
-10.3177
-4.29456
-2.52349
-8.43843
0.647313
-12.6289
1.22088
0.326327
2.40155
2.93362
2.3859
3.16185
-0.645136
0.044864
0.41
-0.76
-0.25
-0.98
0.23
0.56
-0.83
-4.15391
-3.18391
-5.71068
-4.69538
0.0804894
-8.23241
-9.4845
0.301275
3.19069
5.15379
-13.3771
-2.66548
-13.7291
8.16761
-1.06533
-4.0819
-0.560328
-3.64498
-3.51137
-1.42954
-1.67514
-0.46
-0.44
-0.86
0.18
0.3
0.45
-0.97
-3.72639
-4.64799
-5.87558
-1.43689
5.05219
-1.38918
-3.92976
-11.8848
6.94583
0.424139
0.36006
6.19454
-0.858624
1.52064
-7.91337
2.85608
-8.13487
-5.1265
-1.57294
-2.00763
0.246772
0.4
-0.65
0.03
0.51
-0.53
-0.99
0.97
-0.579184
-2.68353
-4.2204
-1.15687
-1.39945
-1.64957
-8.58578
-2.83625
1.45636
10.0198
4.41358
4.93394
2.28655
-0.328563
-5.86075
-2.29966
-2.60383
-3.06294
-0.3044
-1.31394
0.76
-0.97
-0.01
0.56
0.86
-0.72
-0.1
0.38
-2.54163
-2.48163
1.9541
-3.58457
-3.07805
2.43087
2.16956
-0.95808
2.37436
1.55432
8.51299
2.9431
-0.714989
-0.381571
-2.51897
-5.06484
-1.16531
-1.20531
0.91
-1.37394
3.82226
-0.96
0.87
-0.12
-0.85
0.2
-0.04
-0.57
-0.00244375
4.24206
11.0092
3.17979
-4.63027
-6.98349
1.45292
-7.98156
9.59808
3.49608
6.92253
2.12274
-5.66478
-1.79587
-7.36333
-0.901711
-1.47925
-1.20531
0.99
-1.69394
-0.97
-0.14
0.09
0.31
-0.25
-0.65
-0.52
-0.38
-1.08244
3.76206
4.05406
-6.35669
-6.60645
-9.82501
-9.54616
-2.76978
5.40174
7.83987
-0.48938
5.83382
-7.0031
-4.1325
-2.4821
-1.42394
-2.19925
-1.84925
-1.82394
-0.34
0.62
0.56
0.72
-0.59
-0.86
-0.55
0.16
0.9
0.53
-0.97
-2.83281
-4.32831
-6.27919
-8.84601
-4.95992
-4.85103
12.1493
-1.62861
2.64328
3.62624
5.52076
-0.875656
-1.25658
-0.819451
-1.93476
-2.48925
-0.66
0.22
-0.17
0.18
-0.26
-0.74
-0.66
0.25
0.33
0.83
-0.58
-0.99
-3.64831
-8.54445
-4.3479
-5.88218
0.45485
-1.17759
0.909612
11.9483
1.75947
-8.55931
-4.64968
-7.52997
-5.80015
-2.69945
-1.92476
-1.49531
-1.85
-0.57
-0.19
-1.64
0.06
-0.07
-0.96
0.33
-0.19
-0.6
-0.4
0.0061633
-2.05934
-2.77049
-5.3811
-6.86663
6.81993
4.36811
2.40595
1.97969
-5.28303
6.69801
-6.15674
-4.90546
-9.3723
-3.77639
-2.19775
-3.63694
-3.09163
-2.66163
-0.86
-0.32
-0.71
0.7
-0.61
-0.3
0.18
-0.622444
-1.14903
-2.2996
-2.99448
-2.99428
-5.4307
-5.02225
-13.7692
2.57133
3.75792
-3.0294
4.15013
-0.628559
-7.90375
-3.22869
-4.05773
-1.06024
-8.04544
-6.82188
-2.89239
-3.71239
-2.9932
-2.39446
0.24
0.63
0.73
-0.18
-0.132444
-1.63244
-3.898
-7.63914
-4.5928
-3.68931
-3.79718
-6.96507
-0.787676
-4.75495
13.9299
7.51337
-4.95658
-2.01985
-5.39187
-0.936971
2.44236
3.11608
-7.62531
-9.32236
-3.02898
-3.13368
-1.29677
0.45
0.43
-0.29
-0.44
-0.35
-0.79
-1.13775
-4.1724
-4.52805
-6.98677
-6.54221
-6.29964
0.828823
-2.16353
-2.39705
7.83509
5.8958
-1.49909
1.02665
-2.37409
1.47767
5.03183
7.06216
-5.12483
-5.40793
-2.84718
0.2149
-0.69
-0.91
-0.07
0.63
0.32
-0.55
-0.08
-1.60775
-4.10678
-4.90365
-2.83925
0.392332
-6.20245
2.93845
-0.974102
2.9278
-2.47712
2.27349
0.928012
-1.5007
3.11052
4.92992
-4.29485
-2.69377
0.904281
-4.66487
-1.0619
-0.7219
0.68
-0.41
0.94
-0.39
-0.9
0.98
-0.76
-0.07
-2.27306
-0.25624
3.67922
-4.20554
4.83184
-1.66778
-2.92666
-5.11886
-7.34736
-8.06431
-1.46744
-5.71579
-0.264224
-4.20194
-3.27679
-1.62836
2.30725
-3.31272
-0.915308
-0.845308
0.8
-0.86
0.7
-0.62
0.73
0.67
-0.29
0.45
-0.755308
4.68155
4.19998
-3.85656
2.32896
-9.70714
0.0810676
4.79929
-2.94616
8.47847
5.6532
-4.94949
1.87346
-2.9048
-1.53991
5.75384
5.14863
0.21
0.34
-0.71
0.93
-0.27
-0.11
-0.24
-0.81
0.8
0.02
-0.73
0.8
3.69875
-0.151572
-6.76598
4.39168
-3.36693
-5.28617
-4.92255
3.63795
-5.07545
2.46084
5.65561
7.03131
5.59797
2.626
3.226
3.356
0.56
-0.17
0.94
0.33
-0.42
-0.06
0.87
0.27
-0.57
0.13
0.26
-0.33
4.48242
-0.568639
-4.69813
3.28219
-2.71193
-1.78829
-1.38281
-2.74754
-3.92767
-9.00173
-7.78061
-1.28658
-2.05877
-4.79794
-4.28794
-3.80794
0.65
0.9
0.03
-0.44
-0.01
0.66
0.97
-0.4
-0.53
0.71
0.85
0.81
-0.262168
-1.98511
-2.13103
-4.8038
-3.85779
-2.7113
-2.39238
-3.80524
-2.20982
-4.4244
-3.7844
-0.43
0.18
-0.31
0.65
0.83
0.48
0.13
-0.06
0.74
0.76
-0.63
0.55
-0.38
-0.37
0.79
-0.61
0.93
-1.26217
-0.552944
-4.14654
-0.26
0.96
-1.37695
0.9
0.84
0.4
0.02
0.28
-0.71
0
0.05
-0.58
0.55
-0.04
0.38
0.74
0.09
0.17
-0.16
0.32
0.67
0.8
-0.87
-0.87
-0.34
-0.99
0.6
-0.65
-0.81
-0.63
-0.68
0.56
-0.99
0.07
-0.13
-0.26
-0.56
0.39
0.9
0.7
0.88
0.79
0.11
-0.86
-0.62
-0.68
0.2
-999
-0.19
-0.7
0.12
-0.21
0.35
0.63
0.54
-0.72
0.81
0.74
-0.7
0.27
-0.01
-0.72
-0.6
-0.9
0.51
0.02
-0.83
-0.09
-0.47
-0.7
0.13
-0.87
-0.14
-0.16
0.68
0.62
0.9
-0.25
0.89
-0.41
0.23
0.27
0.53
-0.35
-0.7
-0.85
-0.66
-0.63
-0.63
0.71
-0.06
-2.72332
-3.80598
0.95
0
-0.1
-0.09
-0.98
-0.05
-0.61
-0.48
-0.29
-0.51
-0.52
-0.2
-0.92
-0.72
-0.2
-0.86
0.13
0.94
0.75
0.36
-0.38
-0.610641
-0.950641
-0.447887
0.0421132
-1.93942
-3.44254
-6.91561
0.379876
-3.74035
-4.24035
-0.36
0.75
0.55
0.51
0.77
0.33
0.4
0.67
0.25
0.71
-0.07
0.51
-0.84
0.29
0.45
0.94
0.618019
1.52802
0.577378
-0.157958
-4.18526
-8.96047
3.87474
-6.73741
-17.2359
-11.3181
-2.39581
-0.135224
2.17137
2.2558
0.92
0.42
0.02
-0.67
0.11
0.83
-0.95
-0.92
-0.52
-0.05
0.2
0.386239
0.446239
0.0443644
2.44608
-2.17921
-7.05964
3.67402
3.94904
3.58519
31.1174
-1.16705
-7.50754
-2.81494
3.86352
2.90042
0.39807
-4.26956
-7.73196
0.11
-2.08332
0.33
-0.37
-0.17
-0.82
0.78
0.65
-0.77
0.260435
3.05447
9.49537
-4.30704
10.2422
12.8983
2.79339
-2.58608
-0.501725
5.93163
0.692586
0.505061
14.5201
3.04258
5.52652
-0.111106
3.54061
0.363363
-5.00673
-5.50528
-1.30332
-0.04
-0.42
-0.21
0.24
-0.48
0.76
-0.139184
-0.678749
8.17816
-10.6538
0.79284
5.94502
4.49452
9.65615
-14.3824
2.63481
3.80335
5.52196
8.97243
3.26542
-1.14529
2.02898
-13.766
0.965744
1.65535
-0.445325
-5.86465
-6.26632
0.04
-0.39
-0.35
-0.21
-0.9
0.55
-2.67918
-4.34402
3.87333
-7.96003
-5.1568
7.52507
-7.95555
0.425751
-7.1437
-3.25535
0.96213
-6.80152
-9.02614
13.2453
-5.07164
-0.159389
-3.25981
-3.44206
10.5853
-0.368758
-8.03023
-3.63347
-2.48041
-0.7851
0.22
0.82
0.13
0.36
-1.79918
3.29024
8.12556
-2.45785
-2.32803
5.43156
1.35444
7.13927
9.20275
7.17781
-5.72695
-6.8943
8.18371
-7.99401
-4.88487
9.98159
8.34893
1.12708
2.10502
-4.86619
-4.57048
-7.18947
-4.25609
-1.67653
0.18
0.71
-0.24
0.61
-4.71327
-4.78719
4.17425
1.50212
0.345431
-2.35683
-5.90223
-6.49481
-0.373246
10.9401
9.52321
-4.65297
6.82073
-7.93865
-2.59849
8.12665
-3.08924
-14.8502
6.00735
-13.7661
-5.62282
-10.3766
-9.39838
-1.62653
0.68
0.1
0.91
-0.08
-4.28327
-3.09463
-6.20996
2.40457
-8.34929
-10.0371
7.76196
-6.9621
0.0233295
-3.85153
-3.79982
-14.6454
-5.1628
-9.35078
2.79951
-0.978097
5.24134
-3.17349
4.86056
8.36153
-8.09662
9.64773
0.92
-0.89
-0.92
0.77
0.84
-0.76
-0.03
-2.14595
-5.17841
-10.8897
-3.7019
-12.2463
-19.8023
-21.6851
-27.3317
-14.1705
-13.7732
-23.8199
-1.96944
-12.5919
-1.13007
-0.845435
1.79687
5.95709
9.63584
-2.06058
-9.31033
11.5243
-0.31
-0.42
-0.84
0.84
-0.75
0.08
0.00227222
-3.02647
-3.81929
-8.84613
-13.2892
-11.6862
-7.95068
-21.4354
-13.4796
-16.7122
-4.25761
12.2631
-2.93089
-2.85062
0.537306
-4.67395
4.09195
-1.0094
-1.48585
-15.6056
-6.10194
10.9545
0.76
0.07
0.05
-0.18
-0.93
-0.06
0.03
-4.45565
-1.53933
-7.39183
-10.6942
-8.15136
-7.72021
-3.76568
-5.41847
-6.00225
-11.045
-13.7612
2.03332
-10.1306
-5.47696
-1.63721
0.575285
-8.61767
-0.931019
-8.95357
5.69384
-0.791296
0.17
-0.1
-0.28
0.09
0.94
-0.59
0.18
-4.5255
-6.81323
-16.3159
-1.72365
9.88541
-2.07698
-12.7298
-8.78999
3.48971
-4.48735
-7.06297
5.13914
-15.7416
-1.80598
0.0272636
-7.15593
-0.920261
-10.4861
-6.22341
-16.8533
-1.19994
0.13
-0.2
-0.91
-0.54
-0.9
0.3
-0.21
-2.22845
-8.28319
-0.593968
14.7291
10.8057
1.93344
-2.62563
13.9693
7.48819
9.12549
-9.09897
-2.89567
0.781004
-8.97623
-0.920207
-2.8546
6.11566
-10.1655
-7.89132
-6.4968
-4.1204
14.3828
7.69798
0.98
-0.92
-0.3
-0.1
1.13126
-1.48857
14.6973
-3.27024
-2.90578
-10.9632
8.00639
-0.359709
-8.86808
2.46511
0.656699
-2.65379
4.9359
8.69327
4.03325
2.94605
3.17408
-0.875702
7.19548
3.04431
4.46692
9.9364
11.0166
-0.08
-0.9
0.89
0.61
-0.03
-0.705047
-0.292507
-2.54548
-0.226984
-3.10828
-6.99374
4.35918
6.58111
14.3773
-0.229238
4.56501
6.67522
-3.84188
0.867033
1.07602
-1.80438
-15.4699
7.00322
7.09271
12.3754
-1.27457
-2.53968
3.43862
-0.54
-0.91
-0.35
0.49
0.93
-8.30828
2.30065
0.410607
7.41932
11.4726
-6.20231
1.96391
-9.50232
3.28956
18.1683
-1.86024
1.82095
9.04781
-9.29385
1.35885
2.51524
-5.72824
10.8258
12.1311
10.5378
14.2406
15.9072
-0.167832
-0.3
-0.79
-0.67
-0.74
-0.38842
-10.6777
0.106375
-4.31781
10.6434
0.842219
12.221
1.82655
1.65887
3.23783
2.09279
5.94379
1.80594
10.1988
5.47184
-3.10739
1.40332
8.23578
-1.78047
3.97877
6.20499
8.19809
-4.08424
-0.57
0.24
0.46
-0.71
0.04
-3.2611
-3.17523
-1.06886
-5.72224
3.34815
9.33613
-2.81876
1.57196
1.13406
14.9413
-5.52396
-3.56654
5.93612
1.37525
9.28897
-2.29169
2.70604
-6.9724
3.95381
-3.30071
5.31094
-8.17147
-4.27872
1.67802
-0.94
-0.26
0.06
-0.01
0.69158
-5.24232
-0.172074
12.7999
-5.36625
3.70543
-3.78718
-0.345242
3.92299
4.93418
-2.74614
-7.98746
-5.02212
-14.2526
-3.82522
10.8573
8.25131
6.46763
6.69681
4.46471
12.6598
6.0246
5.68776
0.24
0.04
0.48
0.43
0.5
-0.63
-5.09419
-1.26236
-3.46188
0.278519
10.6354
7.30847
-16.2757
6.3858
-0.340484
-2.9062
2.03256
-5.93669
-9.10079
5.58703
-1.05323
-8.23202
-8.56877
-0.394514
2.02554
8.07058
-2.42073
1.06806
-0.2
0.73
-0.2
-0.05
-0.21
-0.9
-0.85
-4.87494
-6.05582
-5.50662
-2.93468
-6.04512
-10.2033
-8.22302
-15.8251
-11.6092
2.67183
-5.71007
-10.3851
-5.81268
-2.96185
4.00263
-0.799926
3.59339
7.88959
1.8616
2.36822
0.02
-0.69
0.77
0.59
0.53
0.31
0.78
-3.8695
-6.44063
-6.33397
-8.27375
-12.9171
8.03553
0.793681
2.62848
1.69756
-7.42155
-6.86238
-8.89264
-0.453653
0.229408
10.0455
1.14305
6.25555
-0.413589
1.12348
-3.25685
-1.86622
-0.15
-0.74
0.89
-0.66
0.56
-0.71
-0.27
-0.18
-0.891128
-5.37608
-9.62698
-2.8509
-4.86399
-4.89832
-4.5155
-0.703121
-2.11107
-3.4817
-1.49244
0.16
-0.83
-0.773311
1.92811
2.15644
-1.52168
-0.711676
-3.6579
-3.07622
-0.08
-0.98
-0.27
-0.08
0.44
-0.51
-0.4
0.85
-0.34
-2.7779
-3.1109
-3.8909
-0.77
-4.70508
-3.82508
-0.45
0.18
-2.725
-0.45
-0.72
-0.24
-0.781676
-0.421676
0.188324
-1.58168
-0.34
0.49
0.44
0.51
-0.59
0.96
-0.36
-0.83
0.45
0.91
-0.5
-0.74
0.99
-0.01
-0.6
0.8
-2.50059
-2.12059
0.46
-0.09
-1.965
-0.83
0.75
-0.06
-0.09
-0.57
-0.1
-0.75
0.76
-0.56
0.01
0.39
0.05
-0.01
0.75
-999
0.68
0.17
0.18
0.6
-0.94
0.14
0.19
0.04
0.02
-0.43
-0.28
-0.31
-0.57
-0.79
0.96
0.27
0.92
-0.58
-0.43
-0.72
-0.23
0.53
-0.42
0.21
0.96
-0.99
-0.01
-0.27
0.33
-0.07
0.99
-0.71
-0.55
0.2
0.56
-0.79
-0.85
-0.3
-0.21
-0.71
-0.89
0.46
0.7
0.94
0.27
-0.14
0.52
0.54
-0.39
-0.43
-0.73
-0.41
-0.09
-0.79
-0.68
-0.12
0.91
0.3
-0.61
0.18
-0.33
0.84
-0.1
-0.87
0.45
-0.51
0.43
0.2
-0.36
0.85
0.16
0.15
0.16
-0.97
0.5
-0.642809
0.02
-0.48
-0.13
0.27
0.6
0.62
0.71
-0.71
0.54
-0.27
0.93
-0.32
-0.93
-0.24
-0.02
-0.08
-0.278557
-0.376706
0.201739
0.215859
4.36368
5.909
5.16288
-6.486
-6.68324
-1.72046
-4.70856
-7.93597
-3.29015
0.76
0.32
0.74
-0.01
-0.09
0.87
0.93
-0.8
0.42
0
-0.21
-0.2
0
-0.98
0.21
0.434029
-1.63802
-9.29069
-1.31474
1.5431
-0.404581
5.19306
-10.6911
-4.45344
13.101
5.12302
0.156468
2.9021
-4.96536
-7.32896
-1.77531
0.6
0.63
0.27
0
-0.54
0.19
0.98
-0.21
-4.98098
-5.94098
-1.68938
6.84477
-0.721655
-8.34351
1.36581
-9.98702
-1.3309
-5.925
-10.5329
-0.35997
8.7361
-7.77071
-10.0821
-2.22815
-8.92636
-12.7894
-15.609
-6.07998
-3.9367
-0.95
-0.85
0.84
-0.9
-0.95
0.15
-0.057153
2.82197
2.63591
8.1581
11.6213
2.05373
10.6442
0.247654
1.56756
-3.2265
5.4995
-2.09836
1.99702
5.0193
-3.48646
-0.298935
6.95371
2.24229
-14.6985
-2.22992
4.21092
-7.99701
-0.24
-0.62
0.74
0.89
-0.29
-0.71
11.5075
7.14857
-0.695827
1.35212
0.339772
-1.0543
-6.85584
4.20545
-1.81198
10.4405
1.96769
1.90203
-7.71312
-0.910862
-3.16901
10.8439
-9.51048
0.842167
-6.69002
-3.91096
6.32376
-7.69914
-0.403264
-1.85326
-0.82
-0.01
-0.85
0.33
-0.838471
3.88282
-3.75313
-14.3547
-9.09081
-0.594398
-4.71794
-0.611951
-5.05505
1.44014
-5.14554
-4.38438
4.36987
7.42813
2.35988
4.79856
1.32177
0.634758
1.7176
-10.8207
-3.5518
-7.45641
-3.74007
0.53
-0.65
0.36
0.69
0.24
7.95924
7.63298
-3.22259
-1.60427
-3.08952
-2.11154
-1.30182
2.71454
-16.2182
-1.6863
-9.99844
8.28808
7.84301
1.26424
-4.67905
-16.2522
7.03316
11.5426
-2.46366
-2.48187
-8.96253
-6.28145
-5.21161
0.63
-0.53
-0.86
-0.15
0.51
8.09924
10.8833
-10.7815
-1.50585
0.267811
-6.78031
-12.7349
-10.5811
-5.70567
3.11907
-6.44848
-5.99996
7.83273
20.1023
1.60828
4.89057
-9.131
-1.98573
3.26863
-7.42629
0.901709
-0.321731
-0.38
-0.36
0.14
-0.89
-0.42
0.11
0.1116
0.300713
-8.54147
-3.42203
-7.89983
-0.654237
-6.18742
-12.2484
-18.127
-7.60622
-7.6798
9.29465
15.4674
-5.05264
8.78727
17.1512
1.991
-3.07573
-9.09957
-1.55969
2.159
-1.04173
-1.20154
-0.49
-0.27
0.95
-0.74
0.85
-2.31344
-5.23676
-3.74467
-8.0537
-0.990737
-6.60332
-8.08926
-0.925594
-3.26678
5.89795
11.0174
-0.609938
-2.24215
0.845212
4.66155
11.8552
2.32232
-5.07288
-4.55528
-2.45751
-1.40704
0.00826865
0.24
0.55
-0.72
-0.7
0.55
-0.23
-2.52344
-3.19344
-6.0825
-17.1782
0.633388
-3.06248
-11.2036
1.10101
-11.4711
-2.74097
-5.44196
7.84236
2.03723
9.17212
0.937855
1.88668
-11.185
7.37314
-4.08677
3.70799
-2.84282
-0.851731
-0.11
-0.25
-0.64
0.19
0.43
-0.89
-2.11344
-1.85344
-6.05569
3.87466
1.50268
-1.666
4.16958
-2.70434
-0.328422
3.86488
8.69804
-5.83832
-2.0852
2.66125
-3.32193
15.9516
0.842158
1.75235
-0.57914
1.50927
2.67525
-0.63
-0.4
0.28
0.01
0.34
0.45
-0.16
-2.22344
-2.55344
-3.44043
-15.167
-6.32794
-16.7838
-3.00616
-21.0004
12.1043
5.55969
-4.08097
6.80755
4.53553
8.74722
-5.23081
4.02386
6.00492
-10.0913
5.7225
6.71976
4.63698
5.60807
-0.89
-0.9
-0.04
-0.56
-0.07
-0.3
0.330188
-0.539991
-2.14141
0.436304
-7.61394
-11.8743
3.25738
-12.5137
-12.9628
-11.1568
-2.76157
5.87132
0.668875
0.694763
-6.30309
-0.856915
-8.50256
-5.44057
2.82894
2.756
-0.928722
1.08044
-0.24
-0.02
0.36
-0.17
-0.44
-0.12
0.0201881
-0.0884435
9.94517
2.06575
2.32511
6.58412
10.4597
-18.3395
-17.9828
-13.0147
-9.37881
-14.223
-14.5018
-11.5765
14.7087
2.78646
8.07409
-10.974
8.2877
6.70987
0.286229
2.00046
0.46
-0.13
-0.04
0.64
0.83
0.75
1.63845
9.21832
2.90966
-2.79625
-13.0945
-0.937932
-6.50564
8.01543
1.36032
-8.3311
-35.4191
-24.7691
4.61546
-0.746013
5.90787
14.0512
5.60431
-9.05312
-1.79648
-1.35198
0.0913723
-0.820834
0.61
0.37
0.72
0.16
0.84
-8.54978
-5.62152
5.96504
6.69553
-10.9632
-4.25143
-8.39165
-2.7061
-4.68811
-8.29705
-8.1874
14.2796
2.37396
2.31435
-0.373216
-1.59541
7.80856
-0.799129
7.60784
2.10932
10.6478
8.91646
4.76234
-0.77
-0.35
-0.89
0.38
0.18
-8.99418
-3.09844
1.06224
13.1868
17.5107
9.49072
-2.78379
-8.15429
-1.78037
-16.1752
-3.00211
-6.66373
-5.20685
1.49851
-2.28928
-1.21108
-5.19285
0.518913
8.16324
10.4381
1.1726
3.97417
5.96951
-0.768557
-0.18
0.5
-0.27
-0.97
2.01733
7.99204
4.89511
3.28528
2.29134
15.1134
-7.50607
8.9695
8.34719
-7.06585
-3.49609
-10.7136
-4.32787
-7.56162
19.5927
-8.01739
-1.3307
1.82297
0.712166
4.62124
7.6132
-5.38462
-5.48501
-0.47
-0.09
0.7
0.92
-0.29
-0.7
9.71113
13.4576
5.26846
8.04884
-13.0489
-10.2802
5.72112
-2.33916
3.17627
5.8918
1.33961
0.4139
10.7668
1.31449
11.3948
1.06523
-2.18702
-1.49421
6.02531
-2.13251
0.74
0.47
0.49
0.73
-0.62
-0.64
-0.46
0.3
0.492524
11.7729
-0.834048
3.20629
8.15344
4.54075
-6.81053
-0.175597
-0.2139
-5.37471
8.25087
-9.68799
-0.0590145
-4.80531
-10.6591
-7.97555
-2.42951
-4.6827
1.51459
-3.35242
-2.32025
0.4
0.47
-0.31
-0.83
-0.79
-0.36
0.66
5.69557
13.2061
10.6112
7.33988
4.11277
9.30618
-5.8677
12.9191
-4.93866
-3.00672
-7.40852
1.71413
1.45802
-7.9514
-12.0144
-1.57287
-3.5956
4.0125
2.19715
0.917836
-0.95
-0.82
0.46
0.59
-0.33
-0.27
0.59
-0.61
0.72
10.6308
9.37829
12.2916
4.85139
8.40801
4.58175
2.11852
3.41347
6.0151
-11.7109
-12.5333
-14.141
-11.8186
-5.62462
0.983362
-1.10633
0.486147
0.966147
1.09677
0.1
-0.03
0.08
-0.8
0.52
0.3
0.37
-0.25
-0.65
-0.87
-0.802556
-0.150585
-0.270585
-6.45175
-2.0661
-0.35
-2.95188
-0.44
-4.49554
-9.01962
-9.44234
-5.53092
-1.00194
1.59677
1.27677
0.526771
-0.28
0.94
-0.86
0.64
-0.45
0.77
-0.1
0.83
0.42
0.47
-0.75
-0.02
0.39
0.61
-0.17
-0.29
-0.74
-0.21
-0.01
0.67
0.04
-0.79
0.44
0.92
0.44
-0.31
0.5
0
0.31
0.88
-0.51
0.89
0.98
-0.14
-0.32
-999
-0.71
0.7
0.71
0.38
0.28
-0.36
-0.14
0.77
-0.74
-0.3
-0.04
-0.91
0.56
-0.84
0.42
0.53
-0.14
-0.75
0.75
-0.48
-0.16
0.3
-0.6
0.96
-0.69
0.33
-0.83
0.8
-0.26
-0.25
0.14
-0.63
0.25
-0.21
0.93
-0.94
0.2
-0.27
-0.96
0.4
0.49
-0.39
-0.44
0.87
-0.59
-2.69376
-2.97447
-0.73
0.08
0.66
0.26
-0.49
0.15
0.07
0.26
-0.7
-0.88
0.4
0.49
-0.62
-0.42
-0.09
0.33
-0.47
-3.09553
-1.36553
-1.75713
-2.14713
-0.87
-0.51
-4.71097
-4.89321
-0.572742
-10.3834
-4.44447
0.75
-0.11
-0.58
-0.41
0.06
0.64
-0.57
0.02
0.59
-0.95
0.63
-0.63
-0.8
0.06
0.33
-0.27
-0.34
-2.20553
-2.70553
-5.15769
-5.54026
-5.88498
-7.06993
-7.44042
-4.76299
-8.32949
-10.9259
-4.48814
-1.74764
-3.71623
3.94295
-0.1
-0.59
-0.33
0.56
0.48
-0.04
0.79
0.11
-0.74
0.07
0.94
-0.39
0.11
-1.79208
-1.54553
-1.83593
-3.45809
-5.01049
-10.2055
-9.99827
-10.0323
-11.2033
-9.87263
-9.19439
-3.2589
-3.09484
2.68763
5.82988
11.9309
3.48078
-0.69
0.51
0.25
0.62
-0.34
-0.69
0.53
-0.89
-0.93
0.12
-1.74208
-5.9288
3.40886
-2.27948
1.06674
-2.18973
-7.01157
-3.05486
11.2841
0.453586
-12.6219
5.94918
-6.35127
-2.29356
7.14313
5.95303
7.49543
5.35828
-0.914083
0.457945
-0.27
-0.56
0.23
-0.29
-0.58
4.50122
4.55122
-0.64
-2.63156
-1.23874
9.48631
5.04107
-4.69701
-6.38434
-10.1857
-3.7068
-0.218291
-7.89442
-4.88514
-2.20902
-8.9157
0.647488
-5.9289
10.7261
5.45249
2.17309
-10.2693
-0.642495
-1.53163
0.29
0.22
0.05
-0.98
3.48122
4.68122
6.39183
-3.81469
-3.02038
-5.66867
-0.841983
-5.12782
-2.04024
-11.0535
-11.1798
-8.54308
-21.5302
-0.470579
-6.94659
-0.0805253
1.11987
6.75506
3.82799
4.2119
0.581552
-3.9073
-7.76354
0.394147
-0.8
0.16
0.4
0.43
4.62122
4.43012
-1.47099
-2.35541
-4.60208
-9.52893
-10.3769
-10.3496
-2.00838
-6.75831
-6.17463
-11.727
-4.45616
-5.49529
-0.935834
-9.11846
-2.68539
-5.09979
-0.562925
3.68723
-11.9021
-8.24314
-4.04001
-0.06
-0.22
0.23
0.95
0.6
-1.17758
4.50691
-1.98776
-4.96761
-1.09687
-13.5404
-0.397643
-3.17982
-12.8074
-5.64748
4.17119
-23.095
-8.10296
8.81411
-5.66561
1.83962
0.33913
-8.1256
-7.47273
-1.48161
-4.29958
-2.74322
0.9449
-0.25
-0.69
0.56
0.8
-5.85302
-7.1106
-10.516
-1.4512
-8.19519
-6.87808
2.74164
-0.411406
3.83815
-1.49184
-2.94069
-8.35555
0.64354
-8.19363
2.36088
-6.74223
-7.42258
1.6326
6.86179
2.36963
2.54425
-6.51312
-0.861713
-1.79437
-0.25
-0.14
-0.19
0.18
-5.94302
-6.7506
-9.62597
4.54626
-6.68778
0.798168
-0.270192
-4.67861
-14.1268
-3.32526
0.176141
-8.24324
-9.93104
-10.6124
-1.22536
3.85361
-10.7454
0.542939
4.32033
-5.69542
3.93741
-13.9985
-2.42208
-0.54
-0.48
-0.68
0.3
0.72
-0.87
0.582097
0.831879
6.89192
-3.58701
5.10727
5.21277
9.26625
20.2927
9.07899
7.43762
-1.84905
5.22005
-2.16906
4.71872
-2.3824
-7.49944
-4.33633
-15.5254
2.97957
-8.33495
-3.48631
-1.82653
-0.27
0.47
0.37
-0.82
0.02
0.03
1.01531
5.90129
4.46545
0.998917
8.22126
1.54484
6.89058
15.5385
2.75469
6.54405
-4.43173
1.47893
-0.118815
-5.97602
5.18211
2.67476
-1.11418
2.48949
4.41722
-3.73368
-5.84839
1.01554
-0.911688
0.24
0.78
-0.77
-0.45
0.64
-0.347636
2.13668
-1.42479
11.1077
-0.326971
0.707614
11.0551
0.206846
11.6958
6.60589
-0.306536
0.0952942
-9.07528
-0.0882317
10.229
2.04009
10.3574
-3.6417
8.26163
4.75381
-7.51616
-5.76475
-1.41169
-0.04
0.35
0.69
0.9
0.33
1.42531
5.6977
-9.99715
1.4293
-2.20646
14.1904
1.58123
-0.634707
4.44682
1.32156
13.6188
10.6477
7.75732
8.92255
-2.94306
4.87453
1.04928
15.4366
-4.5875
-1.38021
-2.60291
-5.19409
-0.646875
-1.38883
-0.83
0.74
-0.96
-0.83
-0.616568
-8.8214
-4.03888
-1.80384
12.0514
13.0538
1.65605
-0.741053
6.7184
1.27843
-8.84162
-2.35402
6.36741
-5.37728
8.14354
7.83533
5.10716
-5.19295
-6.02066
9.70438
4.17217
-4.03268
-0.468831
0.46
0.12
0.07
-0.29
0.3
-0.506568
-10.0096
-2.55835
2.85263
1.78422
6.78012
5.38999
1.13245
-4.16065
5.52365
17.3779
6.72896
0.750139
15.0597
10.8999
-4.74541
8.64545
-3.45588
-6.22964
1.86139
3.43152
-1.24643
-2.17689
-0.669071
0.04
-0.32
-0.63
0.48
-0.536568
-11.2156
-10.1175
-2.40914
-8.19836
-0.766103
2.5291
-5.51988
-8.96001
2.57558
1.74955
4.87976
3.56533
7.00464
-7.80136
-10.2248
-2.56424
-2.01801
-0.0916638
0.626972
0.683582
-0.527818
0.09
-0.85
-0.83
0.01
0.74
0.84
0.6
-1.12657
-4.53542
2.46018
-5.48858
-17.095
-12.7124
-6.3807
3.59513
6.10323
-2.77084
-3.2492
3.92217
-8.71078
-4.36639
-2.0504
-2.78777
-5.99522
-6.55105
-4.67508
-1.97327
0.32
0.75
0.42
-0.68
-0.86
0.27
-0.48
0.56
-0.42
-1.66271
0.160015
-1.17646
-11.4155
-11.1766
-14.724
-14.7718
-13.1091
-11.32
-8.26152
0.375628
-6.38196
1.07109
-0.0607075
0.494013
-6.00736
2.88451
-1.17518
-1.12327
-2.41327
0.08
0.37
-0.15
0.46
-0.81
0.21
0.76
0.52
-0.700871
-2.49271
-8.45068
-9.10831
-9.11611
0.531232
0.0083182
2.74526
-2.68474
3.82845
-13.3087
2.81844
2.56385
11.4097
-8.24794
-2.27414
7.61352
-0.728896
-1.27327
-2.35327
0.06
0.41
-0.24
-0.69
-0.61
-0.07
0.52
-0.38
-1.06087
-4.83488
1.58296
0.0600028
-10.0719
-9.53312
2.77032
-13.6527
-1.98261
-4.63653
1.35396
3.62537
0.600889
9.13069
1.3899
-3.07419
5.71
0.964369
-0.02
0.55
-0.61
0.53
0.93
0.61
-0.37
0.82
0.66
-0.24
-1.77531
-2.91958
0.439556
0.284499
1.16315
-11.9364
-0.83752
2.28188
-4.20889
-5.63293
2.6802
2.93108
8.09753
-0.175042
1.33102
1.64805
1.38238
-0.77
-0.13
0.1
0.91
0.38
-0.42
0.08
0.46
-0.31
0.07
-1.69531
-0.0253077
3.25853
2.57444
-10.4779
2.78753
-3.88932
-2.36471
-3.87263
4.03211
4.02959
-16.1828
9.68984
-11.421
0.636407
4.64678
-1.91979
-1.02764
0.13
0
0.7
-0.47
-0.65
-0.99
0.09
-0.16
0.05
0.72
-0.31
-0.84
0.46
-1.96735
-5.3942
2.4636
-5.64322
-6.08646
0.261866
-6.44478
-2.23814
-9.15411
-12.5341
-12.6416
-9.9918
-4.99714
-4.79718
-1.06405
0.26
-0.45
0.38
0.94
0.03
-0.06
0.16
0.64
-0.37
-0.25
0.29
-0.49
-0.7
-5.87749
-1.89659
-7.11932
-1.66506
-0.961468
0.198532
-0.752095
-8.30888
-2.37064
-2.04064
-6.85146
-6.1625
-1.66842
-1.08675
-1.70764
0.95
0.93
0.64
0.47
-0.27
0.29
0.64
0.39
0.76
0.02
-0.67
0.22
-0.96
-5.38749
0.14
-0.06
-0.92
0.63
0.84
0.93
-0.52
-0.84
0.33
0.62
-0.98
-0.636746
-0.766746
-1.11764
-0.63
0.67
0.6
-0.54
0.45
0.5
-999
0.64
0.33
-0.01
-0.2
-0.23
-0.31
-0.16
0.67
0.56
-0.47
0.17
0.22
-0.28
-0.06
-0.69
-0.62
-0.85
0.45
0.45
-0.51
0.1
-0.06
-0.49
0.46
-0.02
0.96
-0.61
-0.21
-0.33
0.03
0.4
-0.24
-0.84
0.01
-0.62
0.11
0.64
-0.1
-0.25
-0.53
0.2
-0.1
-0.09
-3.6781
-0.96
-0.24
-0.44
-0.38
-5.01416
-0.9
-0.85
-0.67
0.04
0.08
0.94
0.04
-0.16
0.86
0.08
-0.22
-0.02
-0.23
0.17
0.26
-0.21
-0.33
-0.84
0.41
-4.59743
-3.81743
-5.99061
-4.97914
-7.71791
-6.09326
-2.52062
-5.28416
-5.27416
-6.11672
-6.89672
0.14
0.39
0.07
0.98
0.73
0.27
0.31
-0.12
-0.12
-0.08
-0.13
0.1
-0.97
-0.49
-0.336224
0.593776
0.553776
3.7855
-5.26994
3.72644
-4.56534
-2.26951
-5.65259
-6.48961
-9.92733
-9.04308
-3.42974
-1.50345
2.74862
3.63862
-0.79
0.45
-0.45
0.51
0.67
-0.98
0.9
0.91
-0.02
0.54
-0.99
-1.44169
-0.995319
6.56699
6.82317
-8.52154
4.33619
-14.0892
-9.80825
-7.82516
-17.4123
1.9425
3.84297
-4.49278
5.40173
6.34279
-9.27306
7.98382
0.42
0.17
-0.63
0.42
-0.68
0.99
0.89
-0.12
-0.96
0.223981
1.49863
-3.77878
-16.6844
3.89939
2.98305
-1.75425
1.8795
6.15583
3.1247
0.660094
3.20448
6.02839
-16.6417
1.00772
3.07712
12.3176
-0.474802
5.14554
0.17
-0.51
0.55
0.33
0.65
0.47
-1.6608
-1.4708
-2.0708
-10.086
-9.59971
-13.2908
9.63867
-3.55823
1.78085
4.41737
-0.52047
4.70275
-9.91844
-5.06199
-6.54793
1.88797
13.0055
11.3475
4.4855
4.13305
-0.38953
11.1424
3.59411
0.63
0.8
-0.68
0.58
0.29
-3.12027
-9.24485
-7.85485
-1.76641
-8.38479
12.527
2.09696
5.42034
1.50495
-1.39156
-0.137368
4.22804
3.82489
-9.88837
6.33901
-10.2909
1.58514
1.86065
-6.32823
12.5165
-1.76916
3.97528
11.1756
2.6008
-0.1
-0.51
-0.04
-0.91
-4.0176
-9.55301
-9.80435
-3.96887
-4.15206
3.86355
2.59865
-16.3823
1.47924
3.50794
14.5427
-7.55758
-0.950741
2.31565
0.700534
-10.0979
10.9036
-2.32022
10.2967
15.8731
19.6064
12.7685
11.7945
9.75292
-0.63
-0.43
0.57
0.19
-2.84996
-6.79709
-1.88191
0.830684
-6.66417
1.39971
7.92295
-0.474207
10.9346
-8.80436
5.31148
-9.22507
-17.3668
-10.0605
7.86909
0.62744
-8.94855
-0.934771
-7.95896
-1.03824
-5.3999
15.8859
22.7367
12.1006
-0.26
-0.53
-0.96
-0.49
-1.73996
-2.87996
0.215341
-0.405053
-3.69829
4.06649
2.13884
3.77945
7.41885
1.4894
8.75849
24.3301
5.96586
-15.6791
-14.7071
-13.9225
-10.076
-8.25697
-5.55349
-2.24987
0.528525
7.31419
12.5201
-0.71
0.21
0.6
-0.82
-0.83
0.74
3.36623
1.27592
-3.82814
-0.399334
9.66225
6.92671
1.77659
10.0821
2.3078
-2.11847
0.313938
-2.44324
-7.60959
-4.80305
-11.0746
-12.8758
-22.0395
-20.8765
-23.1762
-16.9544
-4.80793
8.28383
-0.15
-0.69
0.33
-0.89
-0.84
-0.48
3.87107
1.35915
-7.02556
7.87279
-5.28727
2.02841
9.01433
8.89473
-1.85936
-6.16825
2.96143
-6.13637
13.7776
-7.49245
-4.55219
0.699216
0.895261
-3.87119
-0.307801
-13.8882
-0.190016
0.47
0.11
-0.01
0.48
0.87
0.51
0.71
-0.46
-2.953
-3.01779
0.454743
5.85574
-0.721621
3.21863
-0.778188
10.1643
17.8978
-11.9631
-5.00713
-12.9423
-9.23539
7.07851
-10.9277
-6.78531
-14.6933
-23.6247
-19.0402
-4.3424
0.1
0.09
0.56
-0.19
0.21
0.92
-0.72
0.03
-2.75395
3.92235
-2.01223
4.657
1.51363
5.93653
-1.26054
10.6004
0.496756
1.99225
-1.90411
-8.55352
13.8158
-2.52684
5.64345
-6.47702
-1.00838
-17.7646
-15.1358
-0.958537
0.85
0.64
0.07
0.27
-0.37
0.9
0.11
0.09
2.09476
-2.4562
-15.9402
-1.35769
-4.75452
9.81115
0.51772
-0.660438
-7.20456
-11.674
5.94044
-7.86167
-6.38697
-8.04336
4.59062
-1.12804
7.28849
-9.53322
-3.42567
-0.183229
-0.85
0.41
-0.38
0.26
-0.99
-0.4
0.13
4.76116
-7.86709
0.6275
-23.7255
-7.94745
2.69993
4.00188
-0.737594
-0.797237
6.52827
-7.2871
-0.7497
-10.0093
-4.29119
-5.90632
5.0169
-1.08152
0.43408
0.760888
2.63169
2.40589
-0.67
0.55
0.25
0.88
0.29
0.79
-0.21
-1.94953
-7.56597
9.6797
-15.8825
-8.45787
-12.5499
-14.6363
-1.45174
-18.0516
-15.0204
-12.8223
3.67188
9.698
3.66125
4.73468
-11.0635
0.959973
10.4007
7.5882
1.51903
1.55589
0.76
-0.18
-0.57
0.77
-0.21
0.27
0.31
-3.16593
5.34258
18.9088
8.02109
7.50784
-13.0639
-15.3625
-5.62719
2.28639
5.12738
11.2357
-4.43188
1.00314
5.16692
-4.31645
-3.74541
-3.22101
16.8094
-0.859892
-2.07548
-10.282
0.1
-0.32
0.97
0.49
-0.76
2.56153
3.1933
-1.34739
-6.69473
-1.22335
10.9017
8.00127
2.04336
-3.63196
-1.31701
-4.41658
6.7561
-21.0487
12.8033
-8.97278
-3.01516
-1.28619
0.560632
-0.761423
-2.71105
-2.71756
3.86407
-1.12571
0.99
0.22
0.88
-0.87
-0.66
2.60267
9.04917
5.86737
0.575187
-7.78612
-5.55744
11.2056
12.3829
9.12205
10.0028
-3.85547
-4.51105
-2.62978
-12.691
0.225385
10.6412
-3.12976
2.41269
7.15319
-4.2141
-0.770845
-1.55688
-0.68
-0.94
0.66
-0.59
0.31
0.74
0.98
5.90702
4.86066
-0.266779
3.27436
3.72962
-3.72986
-3.53213
7.70718
4.96267
-7.89469
-4.10028
0.952403
0.631795
-1.53461
4.50903
-0.194678
4.31247
-2.15308
-1.70472
-2.50346
0.93
0.83
-0.39
0.23
-0.89
0.18
0.24
-0.83
-0.49
-0.441664
-4.08269
-2.94752
3.50116
-5.05734
2.91888
-15.0921
0.905031
11.237
9.44175
-4.4176
-7.6398
-11.4158
-11.3745
-5.44864
0.715305
4.83045
-1.01106
2.26489
-0.56
-0.59
0.91
0.13
-0.75
-0.96
-0.08
0.37
-0.97
-0.873944
2.33475
-3.87588
-3.33979
4.64972
3.055
4.28846
5.63582
7.09322
-11.3444
-4.37834
9.03013
6.24645
2.62429
-2.84505
3.25844
-10.8678
-9.8393
-1.259
0.39
-0.77
-0.53
-0.35
0.25
-0.45
-0.57
-0.04
0.17
8.70568
3.52776
0.520892
0.619412
-0.531632
-2.85101
-1.43193
-10.3211
2.75796
3.77092
-0.266887
-4.35209
-12.3219
4.03859
0.797989
-6.74605
-2.46095
-2.12491
-1.51666
-0.4
-0.23
0.91
-0.31
-0.14
-0.36
0.14
0.38
-0.69
0.85
-2.14414
-3.1794
-6.68977
-8.65969
-3.27222
-7.06318
-10.2125
-4.33046
-9.32579
-4.51962
-2.10512
-1.46486
6.3038
-2.73957
-1.72666
-2.15666
-1.22726
0.521001
0.7
-0.77
-0.86
0.97
-0.51
-0.99
-0.22
0.04
0.4
0.4
0.29
-2.03604
-4.67451
-4.37182
-2.54553
-3.08118
-1.61573
-1.765
-4.14778
-1.60344
4.78394
1.08304
0.955004
0.541001
-1.109
-1.099
-0.948257
0.09
-0.02
-0.92
0.97
0.69
-0.27
-0.57
-0.36
-0.79
-0.98
-0.06
-0.99
-0.97
0
0.61
-0.33
-0.75
0.01
-0.02
-0.39
0.47
0.88
-0.22
-4.07235
-0.06
-0.74
0.38
0.341743
-0.79
0.69
-0.96
0.62
0.18
0.76
-999
-0.89
-0.94
-0.01
-0.94
-0.22
-0.66
0.93
-0.46
0.9
0.56
-0.3
-0.92
0.64
0.13
-0.77
0.76
0.49
-0.95
-0.04
0.17
-0.06
0.48
-0.54
0.81
0.23
-0.29
0.93
-0.73
-0.1
0.58
0.4
0.72
-0.32
-0.61
-0.35
-0.07
0.12
-0.31
0.11
-0.52
-0.45
0.55
0.11
-0.00705624
1.64294
-0.99
-0.03
0.62
0.26
0.4
0.65
0.98
0.01
-0.96
-0.73
-0.87
-0.36
0.48
0.37
-0.5
0.91
0.15
-0.41
0.31
0.38
0.82
0.1
0.09
-2.52236
-0.730411
0.720352
3.00586
-4.26969
4.55809
5.78533
0.98
1.29147
-0.468529
-0.54
-0.73
-0.8
0.25
-0.21
-0.04
-0.9
-0.67
0.77
0.33
-0.83
-0.17
-0.69
0.93
-2.48904
-1.98904
3.72741
-1.30007
3.5304
2.70416
-6.4589
10.6583
3.99636
9.92996
10.9622
11.8882
8.06238
-6.52981
-7.10202
-4.8164
-3.93227
-0.11
-0.01
-0.47
-0.81
-0.02
0.9
0.85
-0.37
-0.88
-1.85904
1.83968
-2.11561
-6.11065
4.2133
-0.44405
3.94098
-11.4288
2.47297
7.08965
-1.06212
0.0912558
6.17431
4.58222
0.702068
-10.2594
-5.88411
-2.74046
-2.79573
-0.71
-0.12
-0.57
-0.2
-0.82
0.11
0
-0.61
-1.73904
2.62968
-0.450149
-6.47904
0.409211
1.07252
-4.87546
0.209479
2.1996
-3.13591
-2.61167
-5.81931
-0.149459
2.80273
16.6255
1.37014
-5.331
-4.78929
-3.62596
-0.943594
-1.46359
-0.6
-0.59
0.65
-0.85
0.78
-0.95
-0.15
-0.59
-1.27174
-5.33142
-5.75957
-3.11231
1.9161
-0.0929825
-0.87971
-4.60559
-1.96529
-5.87756
-0.710288
4.70826
-3.32175
-3.85046
-4.10119
-8.21745
-9.23368
-0.576137
0.700371
-1.01112
-0.84
-3.05733
0.23
0.97
0.76
-1.60531
-0.315308
-0.525308
0.410567
-4.46142
-10.6517
3.49405
0.20924
-2.49018
-8.08542
-4.10961
-7.5959
-6.05376
-3.98705
-9.8325
-1.98647
-13.7823
-5.69946
-2.77594
-2.98323
-3.81689
-3.05469
-5.19744
-4.92845
0.55
0.45
0.09
0.12
-0.0353077
-0.645308
-0.109781
-3.06186
-10.8681
-12.4507
-3.23488
-9.06696
-3.77772
-4.64739
1.26959
-4.23095
-3.92785
-1.81007
-13.2511
-18.545
-16.4384
-22.5692
-6.62976
-2.09056
-1.32864
-7.51908
-3.76633
-0.99
-0.28
-0.78
0.85
0.37
-0.58
-1.67628
-4.22021
-6.47229
-10.9839
3.62688
-7.13535
-6.73168
-10.3973
6.54191
-4.79842
0.974614
-5.47366
-6.25418
-17.5174
-12.5573
-3.88887
0.860784
-7.82287
-6.51557
-10.3376
-5.76775
-1.75228
0.85
-0.65
0.34
-0.55
-0.7
0.58
-2.87125
-1.41431
-7.88879
-4.68177
2.26188
-1.27814
-10.3458
-0.268018
-1.67753
-1.96883
3.50096
-9.66502
-7.61566
-1.66122
-7.1237
-9.58727
-4.7012
-4.24684
-8.17102
-5.42751
2.08259
0.86
0.6
0.93
0.57
-0.16
-1.25113
-0.71
-3.58125
-1.5146
-1.90258
-2.03773
8.63447
6.1596
5.4931
-8.17665
2.67558
-8.07135
-0.0549165
-11.2696
-8.67866
1.17321
-6.5413
0.906406
-8.19499
5.55677
-0.606308
2.2828
4.96297
0.04
-0.54
0.26
-0.32
0.23
-0.911128
0.12
-4.01676
0.52557
-2.24478
-0.0264675
5.80362
1.19789
4.29234
-0.770368
-4.90784
2.24461
-8.17861
-1.61211
-11.2486
0.133816
-3.69508
-9.10988
4.2725
8.71296
0.0232136
0.766859
5.59354
0.47
-0.67
-0.68
-0.01
0.58
0.72
-0.07
-1.15551
3.30752
-1.35488
2.23573
18.0929
-1.21228
1.95281
16.1757
2.08468
0.707661
-3.73532
-1.24766
-2.11468
-4.29028
0.450769
4.79507
9.94209
11.5059
5.36957
3.79029
-3.59643
1.80801
-0.12
-0.86
-0.47
0.12
0.09
-0.88
-0.695508
5.23409
-4.44857
3.1013
-4.03364
-1.41298
3.87348
3.19233
0.63845
-0.476317
3.00394
9.89785
1.09218
-9.04731
-6.04677
-3.97428
7.30921
9.12255
5.34223
5.23856
-3.99918
2.37801
0.21
0.41
0.98
-0.05
0.14
-0.04
-0.515508
-6.9615
-6.70105
4.71889
0.910306
15.7904
1.58463
3.81124
-2.78637
1.70751
2.17089
5.75219
4.79429
3.81049
4.7945
-12.3819
8.0537
-2.7055
9.79803
3.8549
-1.62677
-0.9954
-0.8054
0.32
-0.05
-0.28
0.64
0.6
-4.33573
1.75541
-3.40547
-4.66938
-1.89952
4.64218
-6.00598
4.15822
5.65151
-1.38007
-3.31471
-3.28646
-4.89513
-3.42576
1.27952
2.41704
-6.281
2.03305
14.1567
-3.98727
-5.23273
-2.1229
-0.11
-0.66
-0.5
0.15
-0.51
-0.54
-4.80573
-10.5128
-3.94281
-0.505236
2.41588
-1.22799
9.06431
8.87238
11.0546
3.2079
-3.65685
-14.0657
-12.8147
-2.09196
-0.883922
0.0896449
0.691527
-12.6312
-1.41806
-1.89471
-6.01334
-2.88927
-2.60601
-0.38
0.42
0.45
0.36
-0.11
-5.7474
-4.28186
-6.60868
0.628165
3.58681
2.4637
17.6847
1.80624
-4.49869
-9.08077
13.5662
3.93675
-2.77003
9.35542
5.8575
5.42408
-1.75167
-0.718706
-4.25225
1.47523
-1.35983
0.016736
-0.84
0.05
0.21
0.92
0.71
0.3
0.34
-7.34432
-6.49962
-10.7999
-4.32516
4.27683
1.19283
11.231
6.96468
5.47644
6.22291
-4.55942
-1.73589
-5.88539
0.632311
-3.4251
4.67994
0.0225233
0.103185
2.24849
-0.626568
0.37
0.44
-0.23
-0.53
-0.83
0.22
-0.94
-0.16
-2.01377
-6.39035
-8.58405
0.041447
-2.80001
2.484
2.27983
4.30868
-3.22075
-0.962727
5.01676
8.89464
7.54877
0.626905
-3.2068
-1.35079
-2.74511
-1.91676
-4.62686
-2.58561
-0.01
-0.1
0.33
-0.57
-0.98
-0.03
-0.39
0.28
-1.70217
-5.81907
-10.7066
-3.48274
-2.79167
5.42636
-0.239558
2.34539
8.41622
-2.00224
-5.94532
-3.26328
-2.19316
4.4857
2.28089
4.21208
-12.9269
-7.50467
-5.77776
-1.40657
0.13
0.83
-0.24
0.74
-0.25
-0.83
-0.02
-0.69
0.59
-4.12482
-4.95621
-4.74525
-1.05599
-0.55665
-3.51252
-2.66288
0.240666
1.92129
4.11515
6.25735
3.7514
-1.00267
-4.11429
-5.03281
-6.62245
-1.31747
-3.05747
-1.94657
0.06
-0.76
0.05
-0.91
0.11
-0.87
0.37
-0.58
0.89
-3.14266
-6.2256
-7.69414
-9.60399
-11.9583
-13.3434
-19.7207
-3.78293
-3.42139
-6.72501
-14.302
-3.54351
0.203667
-3.88544
-2.80182
-4.09038
-1.44657
0.93
-0.21
-0.78
-0.48
-0.08
-0.96
0.66
-0.35
-0.04
0.49
0.81
-1.77744
-1.97744
0.35
-5.15805
-4.00001
-3.04775
-5.05545
-5.43237
-8.97263
-8.86728
-5.48095
-6.36674
-3.87739
-4.28931
-1.56631
-3.07347
-0.71
0.68
-0.53
-0.92
-0.42
0.48
-0.04
-0.82
-0.07
-0.09
0.84
-0.86
-0.76
0.03
-0.605308
-1.98531
-0.215308
-0.62
0.3
-2.15859
-3.15678
-0.172444
-2.83876
-0.835788
-1.94115
-2.6454
0.0776
-2.15347
-0.72
-0.7
0.26
0.51
-0.96
-0.44
-0.05
0.91
-0.41
-0.98
-0.7
-0.62
0.43
-0.13
-0.51
-0.695308
0.52
-0.36
-0.27
0.86
-0.06
-0.28
-0.01
-0.05
-1.23584
-0.78
0.09
-3.18347
-0.36
-0.77
0.68
0.59
0.34
0.94
-0.64
0.8
-0.14
-0.45
-0.4
0.54
0.45
-0.27
0.52
0.63
0.27
-0.99
-0.35
-0.23
0.36
0.58
0.72
0.09
-0.885844
-0.85
-0.58
-3.25347
-0.01
0.9
-0.84
0.12
0.88
-0.86
-999
0.93
-0.07
-0.5
0.51
0.2
0.65
0.88
0.19
0.06
-0.69
-0.94
0.93
-0.34
-0.14
-0.31
0.99
0.64
-0.08
0.55
-0.86
0.87
-0.88
0.94
0.42
-0.1
-0.55
-0.97
-0.25
-0.04
-0.07
0.49
-0.68
0.23
-0.87
0.01
0.49
0.95
-0.07
0.89
-0.49
0.28
-0.61
0.59
0.1
-0.63
0.78
0.49
-0.04
-0.27
0.63
-0.81
0.04
0.99
0.54
0.98
0.81
0.01
-0.13
0.86
-0.55
-0.85
-0.16
-0.54
0.47
-0.49
-0.89
0.1
0.53
-0.93
0.59
0.28
0.64
-0.82
-0.93
-0.12
-0.87
-0.41
0.57
0.85
-0.16
-0.52
0.57
-0.03
0.48
0.53
-0.93
0.47
-0.64
0.31
0.49
0.45
0.81
-0.05
-0.91
-0.93
0.42
-0.39
-0.41
-0.934139
-2.55414
-1.03155
-1.54155
-1.90155
-1.76155
0.26
0.75
-0.66
-0.95
0.21
0.54
-0.15
-0.32
-0.93
0.47
-0.41
0.1
0.85
0.19
0.55
-0.61895
0.65
-0.54
-0.3
0.41
-0.39
-3.87945
-3.42349
-3.47945
-5.33083
-3.98552
-2.73362
-1.44665
-1.35665
-1.3351
-0.43
-0.74
0.38
0.31
-0.97
-0.65
0.44
-0.56
0.2
0.97
0.98
-0.07
-3.6578
-3.93136
-4.00945
-2.14026
-1.43492
-9.94067
-5.44987
-7.01318
0.119638
-5.4763
2.03822
-13.2481
-10.0578
-4.82787
-4.67726
-1.81572
0.7
-0.59
0.77
-0.68
-0.27
-0.7
0.95
-0.91
0.62
0.65
0.74
-2.35885
-1.69802
-2.44618
8.77425
7.5646
1.91977
1.41432
-2.7099
11.9404
6.98285
-5.16143
-10.9825
-1.48167
-12.8606
-1.39059
-2.83556
0.821599
-5.48207
-4.30207
-0.91
-0.32
0.7
0.41
0.67
0.52
-0.24
-0.34
4.66449
-1.73334
-2.2425
4.78392
4.15403
2.65842
6.24066
-1.23491
7.95087
-3.15065
-6.15308
1.29975
-9.24073
2.87469
-1.26732
-0.878322
3.19029
-7.39337
-3.64978
-4.82207
-0.23
-0.71
-0.29
0.56
0.45
-0.22
-0.16
-0.18
-0.688094
3.97499
1.77857
7.91922
-0.517852
8.37255
9.58659
-0.0828369
2.79707
-0.07562
2.49549
4.80392
2.46688
-7.50371
5.78889
0.366236
-4.77911
1.05584
1.19021
1.73648
1.97231
0.59
-0.16
-0.7
-0.59
0.86
0.61
4.87193
2.92406
9.05335
5.47363
4.37028
-6.94101
-0.226937
-0.649871
4.00577
7.64451
0.211987
-10.1703
7.02123
15.0312
12.9389
2.44242
-3.48759
-4.70592
2.16576
2.31837
-0.0543619
1.9306
-0.62
0.66
-0.37
0.34
-0.24
0.97
4.85193
2.14286
8.66516
-6.09355
-0.507645
17.7412
2.77275
-4.67028
10.7058
-5.19088
12.7366
7.04643
3.81502
4.13503
5.15927
9.45826
2.13942
7.06223
11.6804
-3.08975
3.2883
-0.19286
0.11
-0.27
0.05
0.62
0.59
0.55
6.78353
4.48792
-3.14657
-9.96851
-0.246405
9.519
-11.7641
1.18686
-5.99058
-9.66256
4.39506
5.5208
13.8202
13.2986
3.68463
8.68911
1.65655
-5.14068
6.0068
-6.99405
1.77856
-3.87517
-0.64
-0.76
-0.29
0.73
0.13
0.46
3.23994
2.33592
-3.45094
-20.9777
-3.1747
4.39707
-8.49396
-3.85663
-3.60015
-0.0444969
-5.3882
-14.2674
4.61257
-4.34047
9.01283
2.11311
3.65004
10.2638
5.35098
6.76263
-7.85783
-2.39598
-0.24
0.78
-0.78
-0.62
-0.11
-0.25
-1.89923
2.79053
-11.7292
-8.24736
-2.53709
-7.78219
0.694312
-2.00603
-10.5681
-17.6452
-11.0271
0.41729
-9.33852
-7.02044
14.6306
-8.82344
5.84788
0.000600959
3.25248
3.67715
-6.58464
-1.41677
0.85
-0.21
0.05
0.11
0.63
0.08
-0.224017
-3.64202
-3.86308
-8.02444
-7.16213
-4.13094
-6.17348
-3.59115
-6.82391
-10.9184
-12.4042
-3.78213
-7.83836
5.25765
-0.512699
3.33728
8.48892
1.90765
2.99899
-1.25448
-3.50777
-1.63462
3.43111
0.34
0.36
0.78
-0.09
-0.05
-2.11923
-0.860055
-2.02019
-2.53395
-1.01712
-6.27256
-7.56653
-5.5072
-4.92312
-1.8891
-9.85703
0.272021
-3.98513
-16.3302
0.988466
-3.36264
-0.523512
3.55962
8.05849
5.19187
4.94973
-1.84686
-1.049
-0.51
0.08
-0.33
-0.56
0.76
-0.901548
5.07862
1.05141
1.37684
5.17409
2.23134
-8.42147
1.5375
-5.01744
-5.02814
-3.85853
1.95718
-3.70104
-12.0452
2.54987
14.8109
5.11945
2.51852
-6.34208
-6.88674
-1.89925
-8.06426
-0.03
-0.32
0.49
-0.46
0.85
0.26
-2.45678
5.95862
2.92185
4.54077
13.8996
3.70389
5.91863
-11.7403
-0.370945
1.1605
-1.40429
-4.06327
5.07028
2.05045
-8.49375
-0.0693793
1.09086
5.17567
-5.46895
-9.76612
-3.32373
-0.548071
0.97
-0.84
-0.02
0.05
0.16
0.26
-4.34678
8.26708
8.57721
-6.56801
-1.93151
0.428295
-9.76223
-17.6823
-5.56958
-5.27996
1.47168
5.79206
4.54231
-11.1344
-9.86478
-2.69367
-8.13418
-5.97022
-3.85585
-7.84103
-5.55009
-0.408071
0.27
0.78
0.88
0.63
-0.09
0.05
-1.46523
-2.64678
-4.37979
-8.40648
-9.18592
-12.696
-9.06094
-0.893512
-0.561424
-0.77344
-8.26231
-2.18018
12.9055
-4.99309
-2.94003
-8.69176
-8.0967
-2.67823
-6.81103
-7.24932
-3.48202
0.21
0.54
-0.63
0.56
-0.68
0.74
0.63
-1.68523
-1.23523
-3.88188
-7.17123
-13.1594
-9.04488
-9.24039
4.5743
1.11827
1.90493
3.2451
-10.4203
4.04872
-12.3921
-10.7287
-5.16634
-2.18915
-0.325262
-4.8595
-1.32448
-1.24524
-1.24524
0.98
-0.28
-0.18
-0.79
0.96
-0.36
-0.68
-1.25523
-1.5051
-3.44825
-6.0083
-2.15314
0.190376
-3.90174
0.722087
-4.82507
-2.44657
-6.66604
-8.48277
-2.9233
-10.3358
-2.9931
-6.46556
-3.12536
-2.23027
-1.99448
0.79
-0.39
0.21
-0.31
-0.51
0.02
0.04
-0.46
0.61
0
-1.2951
0.718911
-3.29884
3.46817
-0.832189
-0.60735
-2.20646
13.4323
0.761701
-4.93495
-1.6665
0.383057
-9.60004
-8.03993
-2.35704
-4.89897
-4.16388
-3.49808
-0.46
-0.23
0.84
0.39
-0.85
-0.42
0.91
-0.43
0.68
0.13
3.49969
2.14215
4.13857
2.02582
-3.6678
-1.37837
-4.92831
-12.6924
-7.10649
4.48111
-5.91997
-0.98917
-8.53605
-7.34639
-12.89
-3.93897
-4.46388
-4.21808
-3.03885
-0.46
0
-0.94
-0.54
0.85
0.4
-0.59
0.22
-0.77
4.64969
4.72969
6.92112
2.35083
2.9816
-3.25234
10.2769
9.757
-0.567169
16.1607
-4.50594
-1.00049
5.98489
-3.2155
-7.8312
-3.60157
-1.79654
0.72
-0.67
0.56
0.25
-0.41
-0.02
0.74
0.39
0.99
-0.83
-0.55
3.70969
5.20111
2.0575
11.7019
4.83707
5.714
2.69021
4.68829
14.1903
8.2414
0.353134
8.76041
2.95843
0.656831
-3.90807
-2.63654
-2.13654
-0.21
-0.31
0.74
-0.19
0.05
-0.54
-0.6
-0.69
-0.9
-0.17
-0.78
-0.84
-4.36577
-1.49229
-1.31748
3.12359
1.18853
-2.5128
-2.17551
5.8922
-0.0983036
-1.86589
-5.27737
1.99737
2.23682
1.68145
-0.32
0.12
-0.25
-0.38
0.27
-0.58
0.41
0.91
0.43
-0.3
0.58
-0.56
-0.97
2.40485
2.58879
1.59394
-0.63
-0.51
0.86
0.35
-0.01
0.15
0.82
-0.03
2.35957
-0.07
0.19
0.4
-0.17
0.88
-0.22
-0.03
-0.17
-0.22
0.24
-0.05
-999
0.08
0.88
-0.63
0.46
-0.87
-0.78
-0.39
0.37
-0.26
-0.28
-0.33
-0.31
0.84
0.72
-0.1
0.5
-0.12
0.01
-0.62
-0.89
-0.24
-0.93
-0.37
-0.96
0.61
0.41
0.98
-0.61
-0.37
0.53
-0.75
-0.72
-0.72
-0.31
0.4
0.08
0.62
-0.7
0.05
0.5
0.47
-0.6
0.41
0.58
-0.71
0.3
0.9
0.48
-0.79
0.94
0.67
0.84
-0.37
-0.74
0.13
-0.9
0.6
-0.09
0.84
-0.03
0.69
0.56
-0.76
-0.81
0.1
-0.5
0.91
-0.71
-1.08519
-0.165191
0.45
-3.86894
-3.12547
-5.22841
-5.27956
-0.72
0.27
-0.88
-0.51
-2.061
-0.84
0.31
-0.43
-0.4
0.25
-0.39
0.73
-0.15
0.99
0.11
0.77
0.42
-0.09
-0.5
-0.36
4.3696
4.0675
-3.06137
-4.62938
-4.38099
-3.44392
-7.11666
-8.18792
-10.5039
-7.11783
0.1
0.6
-1.811
-0.64
0.87
0.22
-0.36
-0.42
0.97
-0.12
0.26
0.03
0.01
0.06
-0.39974
-1.7672
0.669291
1.21023
-8.77571
-10.9963
-3.33782
-9.51984
-12.4352
-0.0427482
-5.65238
-5.69179
-6.82901
12.7399
-7.04143
-14.3222
1.73722
8.34595
0.86
0.17
-0.46
-0.62
0.07
-0.02
0.49
0.92
-2.53166
-1.43139
-3.30694
1.04997
-12.7048
-11.5289
-9.81091
-2.14377
1.08577
12.1593
-5.4915
6.86308
-11.665
16.4255
-5.89262
-9.43018
1.7541
-19.4446
-4.37721
1.92819
0.47
-0.11
-0.57
-0.73
0.17
-0.5
0.35
-0.88
-1.76166
-1.34451
-4.36408
-0.72518
-10.9134
2.40124
1.81766
-4.67402
10.9822
-6.76499
7.38846
-6.32767
9.11353
15.1695
-11.9594
4.08353
1.28394
2.29678
3.25905
-0.686093
-3.5538
2.08061
1.13259
-0.8
-0.57
0.72
-0.65
-0.83
-2.68448
-2.56986
-0.934598
7.52037
-12.3889
-3.37601
1.46141
-3.7806
-8.07765
-9.55645
2.92459
-6.21259
-13.1701
-1.24013
-1.10487
3.82001
1.40761
-9.94122
6.77292
-1.07614
-2.83262
-1.57659
0.68
0.89
-0.09
-0.42
0.57
-3.27525
-17.7887
-6.9621
3.46086
-1.51647
-3.68926
12.2529
1.26592
-5.65968
6.67627
-8.66924
10.9616
-3.39196
-3.07096
1.46213
-16.7478
3.65488
7.30365
3.13457
-0.826867
0.435891
-2.83222
0.233879
-0.09
-0.36
-0.08
0.23
-1.9299
-1.49742
7.7502
2.93998
3.198
-2.95801
-4.79041
4.93996
-4.16006
0.120378
-4.82186
6.73046
-5.29692
-8.06286
8.69185
-6.78845
17.7084
-3.36298
3.1775
-1.65329
8.47532
-4.76362
-4.0255
-2.93483
0.81
-0.94
0.524329
-0.51
-2.00283
3.90922
11.522
6.73813
6.81481
-1.72609
8.15948
11.2933
-10.2066
10.0373
-0.0811958
-10.1465
-8.9358
-9.54372
-2.90008
-2.41205
-1.43386
0.833208
-4.20904
12.3453
6.85123
15.0508
-2.81464
0.21
0.34
0.64
0.19
0.49
-2.90283
7.46308
6.72135
7.47249
-2.24074
9.72846
-16.1443
-0.8153
1.72464
10.4023
2.03193
-2.83257
-16.6672
2.79675
-10.7241
3.9586
2.1015
14.4732
14.2287
4.44686
-3.96042
11.3584
-14.9534
0.41
-0.01
0.03
0.91
-0.77
0.03
10.5292
4.41219
1.05507
1.49893
8.47047
3.11112
-5.19192
0.403224
-3.28597
-0.740334
2.53373
10.8965
-3.6184
8.46833
15.0189
8.70115
-3.69639
0.495319
0.0384708
-4.10469
-7.68342
0.76
-0.97
-0.6
0.41
-0.03
0.69
-0.46
-0.7744
-10.4901
-9.2803
-18.7604
6.4303
-5.84365
-2.76644
4.43856
3.83537
7.0668
-0.163462
1.85776
5.58886
-8.44667
-14.3896
-7.88851
0.466902
4.06138
3.82092
2.6486
-3.87887
0.36
0.84
-0.27
0.51
-0.78
-0.24
-0.58
-0.8944
-15.5956
-2.11784
-0.511641
-6.47091
-13.2551
-5.73511
-13.3133
20.7866
-12.1114
3.28304
-7.98333
1.64944
-9.40012
-0.153653
-11.5755
-17.246
6.33397
-1.4322
-2.04233
5.88589
-0.64
-0.88
-0.11
0.07
-0.64
0.69
0.44
-0.7744
-0.380161
-13.7791
-9.42871
-21.1204
2.7967
-6.23049
14.1278
1.73776
-4.29123
-5.80645
1.17308
-6.47879
-7.00511
10.4948
-13.4849
-13.3443
-4.9811
-2.65313
-3.77076
4.28983
0.7721
0.3
-0.63
0.94
-0.01
-0.17
0.48
0.77
2.92708
-12.369
-0.0125954
-18.9905
14.7594
9.61599
-5.3291
12.2766
3.88634
4.00228
6.8284
1.30065
7.40488
-8.36838
-6.80431
-3.10265
-5.44355
-4.07378
-12.4773
-5.04957
0.7
0.6
-0.14
0.86
-0.72
0.53
0.89
-1.11645
-10.9251
-8.70291
-1.89326
4.56841
-7.68646
4.50228
-4.77957
-6.55241
4.8179
-0.601588
-2.30439
-5.81011
-6.74957
1.77872
-12.6102
10.9499
-3.91839
-15.4493
-15.2298
-5.31895
-0.889382
0.41
0.34
-0.78
-0.6
-0.07
0.82
-1.00808
-4.21525
-6.57765
-7.30601
1.87066
-0.0990718
24.9626
6.46013
-9.16151
7.75818
-13.3931
3.76264
11.8225
-5.41693
7.11947
5.23954
-5.51269
-4.42633
-3.16632
2.47495
-9.59178
0.1
0.97
0.42
-0.8
0.98
0.22
-0.18
-2.75937
-10.968
-10.0514
0.668601
11.881
0.47321
7.10942
1.38831
5.10953
-2.0012
-3.88134
-4.90736
-0.951166
-9.91095
-2.27716
1.74161
-7.83247
9.78896
0.143882
7.69781
-2.07743
0.94
0.68
-0.98
-0.3
-0.55
0.14
-0.87
-5.41671
-7.99411
-4.76028
10.1144
3.36796
-2.47984
3.84352
-4.91799
-6.47204
-4.11908
3.98751
-5.81246
-6.02897
-7.92063
-3.53029
6.45343
11.5351
1.14411
5.90084
-0.264469
-8.20757
0.95
0.72
0.9
0.8
-0.41
-0.44
0.7
-4.80943
-11.2558
8.93769
-18.1105
8.82769
-17.8057
-1.61095
-15.0284
10.7145
-4.37119
4.30906
-0.289487
-0.596967
-5.36474
13.4595
-0.15429
0.113114
2.29862
3.96804
9.90835
-2.34035
-0.35
-0.63
0.63
0.62
-0.97
-0.86
0.848451
-0.471842
-1.93955
-2.33088
4.75998
-12.9183
-9.75957
13.8882
7.25342
5.13688
-3.99194
0.798
1.72103
-2.97382
-4.3752
6.01704
-6.70856
-0.437211
-15.243
-4.98088
-2.86652
-2.49166
0.18
-0.52
-0.33
0.8
0.55
-0.99
-0.46
-1.87425
0.513146
-2.22941
-10.9897
1.31245
12.5659
-0.561205
-9.62732
17.1814
10.5684
-8.83199
9.84046
2.08306
5.01677
-7.11696
1.37913
-0.802643
5.59881
-2.50106
-0.984864
-0.18
-0.39
0.91
0.41
0.68
-0.61
0.24
0.71
-0.483104
-1.77016
-17.7065
10.9755
1.51478
-6.16789
1.25986
-0.0134049
-21.5208
4.68336
12.2596
-1.05454
12.7128
-1.35733
-1.41401
8.37964
6.03102
7.69335
-2.01106
-1.92486
-0.76
0.3
-0.63
0.8
-0.45
0.83
0.39
-0.02
-1.1231
-4.00613
-4.49531
-23.091
-0.60045
-2.35124
-9.89811
-6.5072
-3.92595
-16.4863
-3.70916
-23.178
-10.4494
-3.78267
-0.15001
-2.87377
-2.73377
-0.766194
-2.06106
-1.92486
0.57
-0.95
0.48
-0.78
0.86
-0.49
-0.45
-0.55
-2.87302
-0.07
-6.4492
-6.46973
-7.05285
-6.01285
-1.50991
-0.439215
-1.44479
-1.35041
-5.77696
-13.9052
-3.79856
-4.08635
-0.733793
-0.906194
0.353806
-0.9
0
-0.08
-0.85
-0.1
-0.55
0.06
0.3
-0.21
-0.45
-0.37
-0.26
-0.08
0.59
-0.14
-0.77
-0.18
0.24
0.267069
0.667069
0.287069
0.165314
-0.0246864
-0.3
0.82
0.0724012
0.15
-0.77
0.2
0.18
0.47
0.99
-0.44
0.36
-0.3
-999
0.02
-0.77
-0.39
-0.34
-0.07
-0.06
-0.35
0.57
0.79
-0.29
-0.95
0.18
-0.15
-0.45
0.66
-0.26
-0.13
-0.52
0.59
0.38
-0.69
0.69
-0.99
-0.31
-0.35
-0.05
-0.6
-0.78
-0.57
-0.07
-0.69
0.15
0.46
0.58
0.32
0.4
0.93
0.79
-0.83
-0.14
-0.39
-0.16
0.36
0.3
-0.85
0.96
0.85
-0.66
0.82
-0.03
0.39
-0.33
-0.68
-0.68
0.89
0.22
0.33
-0.37
0.5
0.55
0.65
0.8
0.1
-0.92
-0.67
-0.34
0.77
0.39
-2.12837
-3.03837
-0.54
0.119004
-0.600996
0.04
0.32
-1.54934
0.36
-0.63
-0.11
0.26
-0.44
0.01
0.3
-0.41
0.46
0.85
-0.24
-0.07
-0.86
0.06
0.74
-0.24
-0.1
-0.47
0.97
-0.56
-2.72837
-2.54837
-4.6518
-5.37955
-3.97612
-0.370898
-0.639344
-0.98
-0.74
-0.49
0.96
-0.11
-0.66
-0.47
0.5
-0.67
-0.81
-0.82
0.64
0.24
0.07
0.94
-0.26
-0.56
-5.54207
-4.56207
-4.65286
4.00357
17.5031
-3.47252
2.4
2.13284
0.947882
-11.4764
-10.8992
-9.37291
-4.18776
-3.50413
-0.72
0.13
-0.334055
-0.4
0.66
-0.54
-0.09
-0.35
-0.97
-0.81
-0.49
-0.84
-1.81157
-7.29728
-6.00728
0.793161
-0.974788
-6.62973
6.03938
3.12031
-3.66936
-10.9766
-3.25344
7.93896
-16.3468
-3.68899
-10.673
-6.59671
-6.36991
-3.74801
-3.47151
-1.12521
0.29
0.07
0.41
-0.26
0.71
0.37
-0.83
0.09
-8.67986
-11.4085
-15.2942
-2.80013
4.56672
5.03296
-2.46546
-2.2167
0.169522
2.57348
0.692679
17.4254
1.8691
-0.713411
-4.83719
-17.2918
-6.18299
-4.39296
-4.24539
-0.07
-0.45
-0.76
0.32
0.5
-0.24
-0.38
0.78
-6.99267
-7.17751
-12.5425
3.45933
-7.92141
3.10507
-17.1364
0.890138
12.9997
14.6428
6.04692
10.2029
-1.19436
-4.34687
-3.71661
-8.82468
-6.12922
-0.147176
-12.1364
-6.98293
-2.93018
-0.88
0.11
0.41
0.41
0.21
0.12
-0.716662
-5.0145
-3.23919
-1.68772
4.62348
-16.204
9.33377
0.333692
-10.3589
-4.64899
10.4294
7.27042
-0.00327872
-3.70032
-3.65972
4.64856
0.0335459
0.943238
-25.983
-14.3891
-7.026
-4.01208
0.87
-0.74
-0.19
0.76
0.27
-0.82
-1.20666
-19.9645
-2.05504
1.40341
-3.16907
-3.78932
6.28324
-2.59391
-8.96869
-12.6237
18.556
6.3434
-18.2693
2.18537
-3.64965
-11.2864
4.68609
3.50538
-12.4683
-7.00708
-7.17653
-0.952439
-0.88
-0.3
-0.95
-0.4116
-4.85871
-3.44871
-4.09829
-13.4787
8.46776
12.1102
-7.64804
-18.2558
4.84315
8.40679
2.60307
-13.7464
-8.41413
2.20466
-5.68447
-14.2095
4.34659
7.26158
-4.79323
-1.07154
-3.44416
2.08077
0.97
-0.16
0.29
-0.78
0.7
0.24
-3.2961
-3.87871
-7.3391
0.910225
1.03902
14.0008
9.40445
25.1046
-3.1362
19.3024
6.05881
-0.986518
-14.0157
-3.11328
3.79316
14.9306
-1.61059
-14.8377
12.2889
6.95936
4.5981
8.77939
-1.5253
0.38
0.48
0.12
-0.47
-0.77
-1.02739
-0.19
-6.74455
-1.45614
12.7027
-15.6052
12.593
-9.40438
-2.19056
3.04429
4.44248
-8.47214
6.9844
9.29554
0.297634
14.2815
3.78586
6.17304
-1.88824
-1.05251
11.1659
9.56008
-1.98896
0.25
0.43
-0.35
-0.56
0.23
-0.09
0.414578
-0.058736
4.64566
-2.42612
11.5386
2.19004
3.68124
11.4918
-6.17439
7.50602
-11.5932
-2.64024
7.75224
-4.49691
-6.70762
16.6993
8.45015
8.3838
-6.05429
-0.97893
10.0376
-1.95706
0.0777707
0.68
0.01
0.21
-0.02
-0.58
-1.12415
11.4769
12.8327
-0.2957
-2.35828
9.39444
1.27668
-4.40523
1.17407
3.37136
7.39221
-6.10686
8.301
-1.73986
-0.436004
-2.61972
10.1923
2.50126
-4.33554
-5.0478
-2.75608
-16.7744
0.457771
-0.57
0.41
0.93
-0.83
0.42
2.13458
-1.59795
7.29019
6.88737
-10.0506
9.94289
-10.2595
-2.14065
3.62425
-8.68804
-2.57244
-6.14693
-4.87587
17.2131
-2.39533
-13.03
2.79836
1.21609
-3.03068
-3.09871
-2.62783
-3.47846
-0.88
0.85
0.81
-0.46
-0.76
0.17
-2.7862
2.94011
-19.6575
-0.755394
2.73795
-10.7623
1.61278
-3.79349
2.74905
7.91168
10.7135
-14.8011
-11.1527
5.79147
-1.80651
-7.29683
-12.2837
2.86675
-12.19
-8.12205
-4.11263
-4.94429
0.29
0.57
-0.9
0.1
-0.67
-0.23
3.42243
3.43643
6.57946
-6.79069
1.48998
-7.72275
17.3408
-0.648849
-2.1294
2.77794
-0.182366
11.5834
12.9023
-4.21171
-2.61137
18.4123
-10.2735
-13.7891
-16.2893
-7.88501
-8.68831
-3.28427
0.94
-0.62
0.73
-0.55
0.7
0.89
2.47243
3.09632
-13.7259
-0.030667
-2.92365
-23.9467
-3.69151
6.8252
-4.31946
-0.912064
-5.39498
-16.4434
-10.6477
3.8519
14.2709
-11.4638
8.67041
4.53393
-7.98809
-4.20862
-6.12405
-4.63344
0.11
-0.88
-0.1
-0.83
-0.53
0.62
6.22863
0.133853
-5.98319
-2.79522
0.953283
-7.0806
-2.65223
-10.7103
-1.71707
-1.82946
-1.57749
-6.09033
-9.15981
-2.09407
-5.85974
-10.5117
-12.3476
-8.93435
-3.93243
-0.0833539
-2.0058
-0.53
0.58
-0.05
-0.78
-0.64
-0.48
-1.08495
5.19703
1.25187
-5.10465
0.711238
10.5725
-3.32903
4.30809
-11.6076
-1.61935
-7.35658
-1.13156
-5.8746
-4.2728
-12.1022
-3.97957
1.46792
7.12267
-9.58602
-3.09992
4.0571
-0.670042
3.34434
0.08
-0.42
0.35
0.93
-0.8
-2.21495
-2.5953
3.72275
-8.51818
-6.16335
8.06839
7.3059
-7.38648
-1.1411
-1.52264
1.92364
-7.22809
-7.0653
-2.52604
-18.6617
5.23227
-11.7429
9.25957
-0.828252
-5.09017
5.41771
2.19109
2.79434
0.58
0.8
-0.08
0.61
0.91
-0.07
-0.86
-0.914283
-1.36303
-4.39949
-6.19204
-2.22239
1.81318
-6.21204
-5.46532
-3.38847
9.30333
3.95733
-20.5386
9.84931
0.498061
-6.81308
-4.48166
-2.57088
-1.49277
4.0545
3.40658
0.52
-0.3
0.91
-0.85
-0.92
-0.74
0.04
-0.12
0.61
-2.63847
-5.9124
-7.6067
4.19005
-11.626
-9.26615
-0.657146
-14.8915
-10.5534
13.2617
-0.0581309
-3.01438
-11.3369
-4.28375
-1.09082
-2.38136
5.62504
5.58253
4.47983
0.05
-0.43
-0.86
0.12
-0.6
0.76
0.7
0.63
-2.8608
-3.86499
2.16756
-1.12691
-3.1797
-0.247783
8.41622
-0.251291
3.64262
-12.1765
-10.8528
0.570099
3.61981
-3.98726
-7.1536
-0.875923
9.01174
0.112165
7.67959
4.65983
0.96
-0.74
0.21
-0.08
0.39
0.3
0.72
0.11
-1.4908
-1.97339
1.29088
7.08782
-13.1691
5.70857
-6.78725
9.82912
9.66204
9.60091
1.16581
18.67
10.3212
2.87581
8.8023
-3.45075
5.23336
-2.94425
4.40317
5.86983
-0.5
0.8
-0.69
0.77
0.83
-0.79
-0.19
-0.69
0.5216
-0.24
1.782
1.74793
4.16704
10.5669
-8.25106
-7.43572
-6.39775
-7.16064
-2.61617
-6.0918
0.167133
3.6039
2.16521
-2.61113
0.0487556
-3.24759
0.5
0.55
-0.97
0.72
0.71
-0.55
0.12
-0.58
0.43
-0.72
0.55
-5.75588
-8.6121
-3.60623
-0.75
-0.74
0.72
0.358091
-0.521909
-0.4
-5.75581
-4.97581
-2.41045
0.72
7.96088
0.26
0.33
-2.62759
0.26
0.65
0.85
-0.65
0.26
0.86
-999
